1,2116
2,2063
3,2277
4,2242
5,2364
6,2136
7,2317
8,2357
9,2367
10,2222
11,2347
12,2040
13,2154
14,2012
15,2288
16,2259
17,2154
18,2340
19,2075
20,2228
21,2130
22,2363
23,2233
24,2179
25,2191
26,2242
27,2303
28,2297
29,2012
30,2377
31,2341
32,2007
33,2284
34,2091
35,2185
36,2126
37,2036
38,2309
39,2272
40,2268
41,2030
42,2079
43,2073
44,2029
45,2300
46,2115
47,2152
48,2076
49,2294
50,2323
51,2274
52,2372
53,2165
54,2169
55,2127
56,2205
57,2099
58,2185
59,2248
60,2215
61,2093
62,2269
63,2278
64,2155
65,2389
66,2357
67,2382
68,2169
69,2183
70,2034
71,2335
72,2160
73,2308
74,2324
75,2129
76,2081
77,2111
78,2247
79,2158
80,2095
81,2280
82,2236
83,2177
84,2366
85,2246
86,2289
87,2211
88,2039
89,2313
90,2382
91,2213
92,2165
93,2300
94,2258
95,2213
96,2253
97,2299
98,2126
99,2043
100,2024
101,2068
102,2031
103,2146
104,2096
105,2311
106,2245
107,2183
108,2080
109,2113
110,2184
111,2051
112,2228
113,2089
114,2219
115,2347
116,2154
117,2066
118,2216
119,2353
120,2208
121,2119
122,2311
123,2181
124,2069
125,2084
126,2034
127,2344
128,2066
129,2342
130,2384
131,2102
132,2052
133,2094
134,2209
135,2310
136,2209
137,2251
138,2066
139,2214
140,2199
141,2315
142,2244
143,2006
144,2385
145,2013
146,2313
147,2344
148,2163
149,2370
150,2205
151,2161
152,2088
153,2367
154,2205
155,2183
156,2039
157,2302
158,2323
159,2054
160,2263
161,2179
162,2019
163,2366
164,2068
165,2027
166,2051
167,2171
168,2294
169,2389
170,2313
171,2160
172,2181
173,2245
174,2155
175,2231
176,2342
177,2310
178,2018
179,2354
180,2382
181,2049
182,2277
183,2290
184,2011
185,2356
186,2156
187,2070
188,2146
189,2329
190,2291
191,2375
192,2156
193,2383
194,2080
195,2144
196,2085
197,2304
198,2088
199,2027
200,2321
201,2219
202,2032
203,2317
204,2150
205,2178
206,2276
207,2100
208,2214
209,2379
210,2271
211,2148
212,2042
213,2228
214,2074
215,2172
216,2141
217,2194
218,2106
219,2017
220,2234
221,2291
222,2112
223,2174
224,2181
225,2189
226,2261
227,2219
228,2353
229,2205
230,2254
231,2237
232,2275
233,2215
234,2163
235,2189
236,2374
237,2244
238,2162
239,2157
240,2220
241,2152
242,2025
243,2228
244,2225
245,2389
246,2116
247,2089
248,2096
249,2228
250,2110
251,2132
252,2139
253,2069
254,2377
255,2051
256,2167
257,2321
258,2244
259,2154
260,2064
261,2097
262,2200
263,2054
264,2286
265,2190
266,2267
267,2056
268,2066
269,2165
270,2238
271,2290
272,2123
273,2054
274,2048
275,2211
276,2283
277,2005
278,2168
279,2116
280,2102
281,2059
282,2224
283,2145
284,2309
285,2301
286,2119
287,2053
288,2301
289,2313
290,2043
291,2166
292,2018
293,2387
294,2315
295,2090
296,2069
297,2054
298,2086
299,2115
300,2087
301,2138
302,2304
303,2236
304,2364
305,2177
306,2266
307,2292
308,2150
309,2272
310,2292
311,2297
312,2192
313,2246
314,2100
315,2116
316,2098
317,2358
318,2175
319,2162
320,2285
321,2091
322,2166
323,2020
324,2021
325,2304
326,2006
327,2239
328,2031
329,2086
330,2000
331,2065
332,2027
333,2070
334,2070
335,2380
336,2240
337,2221
338,2347
339,2311
340,2310
341,2131
342,2003
343,2171
344,2358
345,2203
346,2185
347,2135
348,2372
349,2218
350,2066
351,2127
352,2035
353,2168
354,2323
355,2384
356,2223
357,2297
358,2111
359,2024
360,2288
361,2083
362,2333
363,2288
364,2386
365,2320
366,2029
367,2144
368,2119
369,2079
370,2315
371,2130
372,2039
373,2069
374,2082
375,2162
376,2015
377,2031
378,2240
379,2204
380,2276
381,2069
382,2358
383,2348
384,2146
385,2113
386,2160
387,2253
388,2383
389,2070
390,2193
391,2357
392,2213
393,2349
394,2345
395,2106
396,2217
397,2171
398,2005
399,2010
400,2032
401,2320
402,2304
403,2126
404,2033
405,2247
406,2223
407,2230
408,2200
409,2327
410,2063
411,2137
412,2157
413,2124
414,2248
415,2264
416,2330
417,2345
418,2337
419,2343
420,2274
421,2111
422,2324
423,2066
424,2143
425,2284
426,2137
427,2274
428,2078
429,2352
430,2105
431,2355
432,2112
433,2196
434,2231
435,2373
436,2004
437,2158
438,2030
439,2115
440,2229
441,2374
442,2022
443,2024
444,2273
445,2245
446,2112
447,2031
448,2221
449,2251
450,2186
451,2269
452,2281
453,2286
454,2218
455,2339
456,2308
457,2134
458,2342
459,2114
460,2134
461,2255
462,2196
463,2119
464,2055
465,2068
466,2224
467,2206
468,2151
469,2132
470,2286
471,2340
472,2144
473,2050
474,2022
475,2137
476,2157
477,2077
478,2186
479,2182
480,2201
481,2037
482,2241
483,2026
484,2223
485,2102
486,2332
487,2136
488,2368
489,2103
490,2076
491,2266
492,2046
493,2181
494,2139
495,2299
496,2186
497,2351
498,2299
499,2125
500,2182
501,2138
502,2388
503,2209
504,2296
505,2214
506,2055
507,2254
508,2233
509,2331
510,2000
511,2055
512,2010
513,2164
514,2278
515,2345
516,2164
517,2271
518,2358
519,2332
520,2159
521,2381
522,2287
523,2031
524,2144
525,2105
526,2384
527,2178
528,2369
529,2268
530,2387
531,2251
532,2011
533,2249
534,2089
535,2210
536,2181
537,2069
538,2358
539,2350
540,2344
541,2004
542,2090
543,2174
544,2332
545,2006
546,2002
547,2195
548,2161
549,2052
550,2212
551,2023
552,2077
553,2237
554,2353
555,2105
556,2094
557,2269
558,2278
559,2139
560,2237
561,2310
562,2259
563,2267
564,2234
565,2303
566,2321
567,2296
568,2002
569,2281
570,2344
571,2356
572,2040
573,2205
574,2363
575,2373
576,2008
577,2075
578,2005
579,2325
580,2293
581,2043
582,2197
583,2252
584,2372
585,2216
586,2174
587,2184
588,2218
589,2154
590,2376
591,2171
592,2093
593,2173
594,2217
595,2327
596,2044
597,2113
598,2116
599,2141
600,2027
601,2052
602,2387
603,2128
604,2277
605,2126
606,2208
607,2042
608,2312
609,2194
610,2212
611,2031
612,2166
613,2194
614,2157
615,2040
616,2152
617,2169
618,2335
619,2052
620,2355
621,2353
622,2098
623,2362
624,2362
625,2330
626,2081
627,2289
628,2011
629,2234
630,2360
631,2379
632,2245
633,2052
634,2364
635,2016
636,2278
637,2263
638,2292
639,2023
640,2323
641,2349
642,2316
643,2322
644,2071
645,2222
646,2244
647,2383
648,2332
649,2301
650,2040
651,2190
652,2014
653,2359
654,2091
655,2039
656,2178
657,2197
658,2106
659,2110
660,2383
661,2073
662,2324
663,2082
664,2220
665,2216
666,2329
667,2260
668,2215
669,2029
670,2238
671,2031
672,2044
673,2156
674,2128
675,2381
676,2272
677,2107
678,2107
679,2021
680,2035
681,2085
682,2034
683,2256
684,2358
685,2143
686,2108
687,2048
688,2162
689,2184
690,2095
691,2379
692,2058
693,2037
694,2177
695,2377
696,2094
697,2190
698,2055
699,2314
700,2361
701,2309
702,2343
703,2215
704,2095
705,2102
706,2218
707,2360
708,2249
709,2278
710,2375
711,2077
712,2150
713,2237
714,2114
715,2283
716,2183
717,2113
718,2130
719,2342
720,2264
721,2373
722,2203
723,2046
724,2324
725,2068
726,2083
727,2178
728,2088
729,2237
730,2026
731,2102
732,2227
733,2351
734,2363
735,2012
736,2222
737,2176
738,2192
739,2217
740,2108
741,2088
742,2374
743,2226
744,2199
745,2279
746,2125
747,2009
748,2023
749,2001
750,2350
751,2196
752,2137
753,2035
754,2276
755,2158
756,2347
757,2307
758,2018
759,2301
760,2333
761,2012
762,2029
763,2368
764,2084
765,2032
766,2215
767,2273
768,2132
769,2263
770,2051
771,2229
772,2067
773,2020
774,2125
775,2333
776,2161
777,2102
778,2376
779,2172
780,2144
781,2388
782,2073
783,2027
784,2209
785,2141
786,2335
787,2122
788,2150
789,2061
790,2132
791,2345
792,2057
793,2355
794,2303
795,2312
796,2257
797,2304
798,2144
799,2095
800,2063
801,2335
802,2150
803,2163
804,2062
805,2026
806,2011
807,2054
808,2259
809,2108
810,2148
811,2239
812,2236
813,2034
814,2142
815,2145
816,2141
817,2073
818,2277
819,2065
820,2204
821,2178
822,2151
823,2223
824,2132
825,2374
826,2251
827,2066
828,2211
829,2316
830,2204
831,2346
832,2181
833,2038
834,2153
835,2266
836,2188
837,2258
838,2196
839,2022
840,2029
841,2204
842,2210
843,2195
844,2288
845,2043
846,2034
847,2334
848,2076
849,2318
850,2273
851,2152
852,2060
853,2294
854,2337
855,2209
856,2010
857,2337
858,2041
859,2072
860,2056
861,2241
862,2215
863,2126
864,2193
865,2059
866,2105
867,2235
868,2280
869,2350
870,2131
871,2000
872,2196
873,2022
874,2290
875,2364
876,2207
877,2219
878,2130
879,2108
880,2113
881,2305
882,2254
883,2104
884,2172
885,2159
886,2273
887,2118
888,2354
889,2285
890,2296
891,2120
892,2374
893,2264
894,2307
895,2048
896,2280
897,2337
898,2025
899,2074
900,2361
901,2249
902,2263
903,2074
904,2093
905,2268
906,2039
907,2377
908,2066
909,2207
910,2007
911,2296
912,2352
913,2130
914,2346
915,2205
916,2097
917,2034
918,2012
919,2300
920,2224
921,2214
922,2105
923,2348
924,2066
925,2203
926,2039
927,2080
928,2142
929,2353
930,2117
931,2170
932,2332
933,2191
934,2089
935,2139
936,2364
937,2006
938,2017
939,2262
940,2387
941,2156
942,2081
943,2090
944,2154
945,2317
946,2288
947,2267
948,2318
949,2229
950,2374
951,2295
952,2029
953,2158
954,2000
955,2242
956,2317
957,2054
958,2253
959,2387
960,2388
961,2223
962,2058
963,2388
964,2193
965,2206
966,2281
967,2080
968,2229
969,2100
970,2047
971,2353
972,2310
973,2131
974,2028
975,2136
976,2010
977,2386
978,2197
979,2122
980,2127
981,2172
982,2122
983,2178
984,2248
985,2218
986,2118
987,2341
988,2111
989,2098
990,2297
991,2201
992,2178
993,2227
994,2316
995,2047
996,2059
997,2335
998,2251
999,2142
1000,2215
1001,2207
1002,2338
1003,2208
1004,2290
1005,2285
1006,2077
1007,2164
1008,2369
1009,2092
1010,2260
1011,2085
1012,2198
1013,2049
1014,2209
1015,2135
1016,2370
1017,2071
1018,2249
1019,2098
1020,2123
1021,2328
1022,2335
1023,2105
1024,2080
1025,2294
1026,2200
1027,2280
1028,2323
1029,2118
1030,2038
1031,2116
1032,2139
1033,2239
1034,2188
1035,2288
1036,2140
1037,2242
1038,2228
1039,2221
1040,2299
1041,2335
1042,2024
1043,2199
1044,2112
1045,2341
1046,2210
1047,2073
1048,2003
1049,2289
1050,2288
1051,2014
1052,2161
1053,2039
1054,2226
1055,2161
1056,2067
1057,2198
1058,2043
1059,2091
1060,2378
1061,2285
1062,2081
1063,2109
1064,2374
1065,2343
1066,2096
1067,2317
1068,2177
1069,2114
1070,2249
1071,2320
1072,2367
1073,2182
1074,2236
1075,2010
1076,2366
1077,2332
1078,2382
1079,2020
1080,2305
1081,2220
1082,2131
1083,2202
1084,2189
1085,2058
1086,2145
1087,2106
1088,2260
1089,2122
1090,2295
1091,2284
1092,2235
1093,2324
1094,2305
1095,2257
1096,2175
1097,2267
1098,2148
1099,2197
1100,2335
1101,2218
1102,2368
1103,2174
1104,2355
1105,2176
1106,2103
1107,2230
1108,2151
1109,2027
1110,2136
1111,2255
1112,2314
1113,2308
1114,2191
1115,2117
1116,2118
1117,2372
1118,2204
1119,2279
1120,2151
1121,2354
1122,2173
1123,2204
1124,2204
1125,2299
1126,2338
1127,2216
1128,2177
1129,2020
1130,2334
1131,2275
1132,2323
1133,2034
1134,2062
1135,2166
1136,2085
1137,2301
1138,2041
1139,2089
1140,2286
1141,2352
1142,2344
1143,2231
1144,2077
1145,2202
1146,2185
1147,2249
1148,2130
1149,2252
1150,2264
1151,2094
1152,2208
1153,2176
1154,2296
1155,2030
1156,2110
1157,2082
1158,2069
1159,2042
1160,2109
1161,2146
1162,2379
1163,2185
1164,2217
1165,2211
1166,2262
1167,2154
1168,2359
1169,2241
1170,2366
1171,2386
1172,2277
1173,2350
1174,2209
1175,2325
1176,2039
1177,2128
1178,2318
1179,2133
1180,2309
1181,2252
1182,2363
1183,2274
1184,2201
1185,2040
1186,2143
1187,2036
1188,2242
1189,2230
1190,2187
1191,2344
1192,2276
1193,2004
1194,2092
1195,2243
1196,2206
1197,2010
1198,2144
1199,2213
1200,2025
1201,2047
1202,2246
1203,2006
1204,2012
1205,2323
1206,2271
1207,2055
1208,2130
1209,2312
1210,2135
1211,2024
1212,2336
1213,2349
1214,2135
1215,2142
1216,2054
1217,2059
1218,2327
1219,2097
1220,2172
1221,2363
1222,2255
1223,2271
1224,2305
1225,2295
1226,2148
1227,2088
1228,2226
1229,2302
1230,2214
1231,2118
1232,2381
1233,2185
1234,2076
1235,2175
1236,2007
1237,2291
1238,2188
1239,2253
1240,2229
1241,2123
1242,2168
1243,2079
1244,2223
1245,2075
1246,2216
1247,2223
1248,2357
1249,2314
1250,2268
1251,2059
1252,2151
1253,2019
1254,2188
1255,2053
1256,2375
1257,2262
1258,2130
1259,2166
1260,2229
1261,2004
1262,2009
1263,2379
1264,2088
1265,2287
1266,2317
1267,2057
1268,2253
1269,2212
1270,2150
1271,2173
1272,2034
1273,2161
1274,2061
1275,2232
1276,2007
1277,2143
1278,2282
1279,2173
1280,2383
1281,2126
1282,2389
1283,2164
1284,2294
1285,2087
1286,2331
1287,2249
1288,2223
1289,2206
1290,2136
1291,2307
1292,2198
1293,2362
1294,2042
1295,2021
1296,2173
1297,2057
1298,2296
1299,2263
1300,2265
1301,2286
1302,2332
1303,2001
1304,2340
1305,2195
1306,2115
1307,2040
1308,2372
1309,2062
1310,2205
1311,2352
1312,2210
1313,2017
1314,2311
1315,2106
1316,2166
1317,2081
1318,2298
1319,2156
1320,2203
1321,2246
1322,2356
1323,2081
1324,2319
1325,2059
1326,2025
1327,2386
1328,2209
1329,2299
1330,2029
1331,2237
1332,2043
1333,2378
1334,2338
1335,2011
1336,2327
1337,2085
1338,2057
1339,2328
1340,2254
1341,2309
1342,2039
1343,2373
1344,2215
1345,2383
1346,2032
1347,2162
1348,2305
1349,2376
1350,2275
1351,2339
1352,2273
1353,2102
1354,2226
1355,2013
1356,2090
1357,2109
1358,2099
1359,2163
1360,2022
1361,2296
1362,2243
1363,2155
1364,2338
1365,2270
1366,2191
1367,2247
1368,2072
1369,2283
1370,2015
1371,2295
1372,2369
1373,2077
1374,2293
1375,2241
1376,2169
1377,2112
1378,2383
1379,2111
1380,2174
1381,2195
1382,2070
1383,2356
1384,2144
1385,2306
1386,2294
1387,2205
1388,2339
1389,2101
1390,2367
1391,2090
1392,2088
1393,2387
1394,2039
1395,2325
1396,2238
1397,2209
1398,2376
1399,2343
1400,2174
1401,2299
1402,2113
1403,2375
1404,2314
1405,2255
1406,2125
1407,2127
1408,2368
1409,2071
1410,2054
1411,2282
1412,2216
1413,2208
1414,2190
1415,2380
1416,2204
1417,2204
1418,2244
1419,2069
1420,2111
1421,2332
1422,2093
1423,2148
1424,2305
1425,2022
1426,2045
1427,2380
1428,2389
1429,2267
1430,2364
1431,2340
1432,2122
1433,2213
1434,2149
1435,2055
1436,2275
1437,2209
1438,2037
1439,2339
1440,2104
1441,2322
1442,2295
1443,2361
1444,2049
1445,2289
1446,2231
1447,2000
1448,2064
1449,2111
1450,2148
1451,2290
1452,2010
1453,2164
1454,2232
1455,2320
1456,2210
1457,2124
1458,2151
1459,2338
1460,2067
1461,2297
1462,2354
1463,2384
1464,2093
1465,2133
1466,2265
1467,2125
1468,2307
1469,2113
1470,2144
1471,2376
1472,2307
1473,2020
1474,2251
1475,2167
1476,2256
1477,2107
1478,2272
1479,2247
1480,2172
1481,2107
1482,2067
1483,2156
1484,2286
1485,2161
1486,2185
1487,2085
1488,2033
1489,2212
1490,2229
1491,2381
1492,2091
1493,2002
1494,2030
1495,2148
1496,2120
1497,2313
1498,2291
1499,2237
1500,2381
1501,2149
1502,2040
1503,2383
1504,2149
1505,2304
1506,2379
1507,2274
1508,2272
1509,2295
1510,2027
1511,2165
1512,2089
1513,2381
1514,2132
1515,2296
1516,2120
1517,2079
1518,2094
1519,2208
1520,2322
1521,2270
1522,2199
1523,2116
1524,2199
1525,2150
1526,2103
1527,2341
1528,2335
1529,2194
1530,2250
1531,2022
1532,2303
1533,2206
1534,2062
1535,2085
1536,2059
1537,2055
1538,2281
1539,2135
1540,2166
1541,2029
1542,2010
1543,2213
1544,2376
1545,2117
1546,2012
1547,2286
1548,2266
1549,2239
1550,2247
1551,2268
1552,2251
1553,2324
1554,2292
1555,2081
1556,2179
1557,2208
1558,2299
1559,2058
2000,2463
2001,2472
2002,2497
2003,2471
2004,2397
2005,2390
2006,2506
2007,2508
2008,2467
2009,2505
2010,2500
2011,2521
2012,2441
2013,2425
2014,2529
2015,2476
2016,2451
2017,2435
2018,2468
2019,2415
2020,2425
2021,2473
2022,2465
2023,2529
2024,2479
2025,2474
2026,2461
2027,2494
2028,2390
2029,2430
2030,2408
2031,2462
2032,2402
2033,2460
2034,2520
2035,2422
2036,2449
2037,2420
2038,2486
2039,2480
2040,2405
2041,2436
2042,2453
2043,2473
2044,2455
2045,2503
2046,2473
2047,2406
2048,2480
2049,2394
2050,2449
2051,2482
2052,2480
2053,2390
2054,2417
2055,2500
2056,2397
2057,2469
2058,2481
2059,2474
2060,2451
2061,2522
2062,2497
2063,2413
2064,2431
2065,2401
2066,2432
2067,2489
2068,2392
2069,2523
2070,2516
2071,2404
2072,2496
2073,2452
2074,2394
2075,2426
2076,2445
2077,2455
2078,2450
2079,2520
2080,2392
2081,2485
2082,2433
2083,2519
2084,2525
2085,2398
2086,2421
2087,2527
2088,2478
2089,2513
2090,2429
2091,2465
2092,2393
2093,2401
2094,2526
2095,2445
2096,2527
2097,2413
2098,2475
2099,2480
2100,2469
2101,2505
2102,2419
2103,2520
2104,2476
2105,2473
2106,2442
2107,2450
2108,2447
2109,2399
2110,2480
2111,2520
2112,2397
2113,2427
2114,2416
2115,2479
2116,2435
2117,2517
2118,2527
2119,2430
2120,2525
2121,2529
2122,2436
2123,2390
2124,2460
2125,2494
2126,2393
2127,2404
2128,2482
2129,2453
2130,2492
2131,2453
2132,2426
2133,2468
2134,2518
2135,2523
2136,2485
2137,2446
2138,2470
2139,2527
2140,2469
2141,2493
2142,2480
2143,2494
2144,2447
2145,2488
2146,2454
2147,2514
2148,2529
2149,2398
2150,2436
2151,2526
2152,2414
2153,2476
2154,2438
2155,2471
2156,2525
2157,2435
2158,2491
2159,2393
2160,2500
2161,2443
2162,2452
2163,2474
2164,2487
2165,2468
2166,2409
2167,2491
2168,2405
2169,2412
2170,2418
2171,2450
2172,2529
2173,2405
2174,2463
2175,2482
2176,2519
2177,2431
2178,2407
2179,2520
2180,2482
2181,2488
2182,2501
2183,2405
2184,2453
2185,2478
2186,2454
2187,2525
2188,2415
2189,2468
2190,2417
2191,2468
2192,2486
2193,2404
2194,2491
2195,2410
2196,2497
2197,2449
2198,2390
2199,2401
2200,2390
2201,2409
2202,2443
2203,2454
2204,2422
2205,2447
2206,2417
2207,2452
2208,2397
2209,2399
2210,2397
2211,2407
2212,2481
2213,2518
2214,2471
2215,2487
2216,2439
2217,2491
2218,2432
2219,2445
2220,2480
2221,2449
2222,2428
2223,2390
2224,2472
2225,2397
2226,2489
2227,2437
2228,2508
2229,2496
2230,2448
2231,2458
2232,2516
2233,2477
2234,2398
2235,2391
2236,2509
2237,2406
2238,2480
2239,2409
2240,2496
2241,2486
2242,2395
2243,2499
2244,2439
2245,2440
2246,2472
2247,2451
2248,2459
2249,2418
2250,2404
2251,2419
2252,2418
2253,2444
2254,2418
2255,2435
2256,2513
2257,2459
2258,2521
2259,2442
2260,2490
2261,2482
2262,2421
2263,2522
2264,2507
2265,2512
2266,2466
2267,2481
2268,2483
2269,2407
2270,2489
2271,2514
2272,2453
2273,2392
2274,2521
2275,2462
2276,2421
2277,2399
2278,2445
2279,2500
2280,2410
2281,2475
2282,2440
2283,2446
2284,2462
2285,2400
2286,2460
2287,2495
2288,2401
2289,2486
2290,2414
2291,2484
2292,2513
2293,2435
2294,2501
2295,2404
2296,2466
2297,2481
2298,2447
2299,2422
2300,2468
2301,2458
2302,2529
2303,2401
2304,2514
2305,2519
2306,2506
2307,2512
2308,2493
2309,2497
2310,2458
2311,2517
2312,2392
2313,2419
2314,2496
2315,2491
2316,2484
2317,2527
2318,2391
2319,2405
2320,2474
2321,2430
2322,2422
2323,2452
2324,2415
2325,2512
2326,2500
2327,2490
2328,2452
2329,2438
2330,2404
2331,2423
2332,2504
2333,2460
2334,2521
2335,2496
2336,2464
2337,2435
2338,2491
2339,2473
2340,2456
2341,2506
2342,2520
2343,2391
2344,2485
2345,2404
2346,2509
2347,2505
2348,2457
2349,2510
2350,2511
2351,2482
2352,2493
2353,2415
2354,2449
2355,2479
2356,2434
2357,2445
2358,2450
2359,2475
2360,2400
2361,2418
2362,2480
2363,2390
2364,2521
2365,2440
2366,2468
2367,2428
2368,2515
2369,2428
2370,2431
2371,2477
2372,2411
2373,2401
2374,2516
2375,2402
2376,2484
2377,2526
2378,2434
2379,2438
2380,2525
2381,2462
2382,2500
2383,2421
2384,2397
2385,2396
2386,2407
2387,2481
2388,2415
2389,2508
2390,2558
2391,2541
2392,2545
2393,2530
2394,2534
2395,2535
2396,2533
2397,2532
2398,2530
2399,2544
2400,2538
2401,2547
2402,2559
2403,2552
2404,2538
2405,2552
2406,2545
2407,2553
2408,2553
2409,2556
2410,2541
2411,2552
2412,2555
2413,2559
2414,2549
2415,2533
2416,2530
2417,2541
2418,2544
2419,2551
2420,2530
2421,2532
2422,2543
2423,2548
2424,2533
2425,2553
2426,2543
2427,2549
2428,2530
2429,2530
2430,2549
2431,2540
2432,2530
2433,2536
2434,2557
2435,2556
2436,2557
2437,2546
2438,2545
2439,2554
2440,2552
2441,2551
2442,2547
2443,2554
2444,2531
2445,2544
2446,2538
2447,2530
2448,2553
2449,2536
2450,2552
2451,2536
2452,2535
2453,2553
2454,2543
2455,2556
2456,2543
2457,2556
2458,2535
2459,2541
2460,2531
2461,2549
2462,2530
2463,2546
2464,2558
2465,2538
2466,2559
2467,2553
2468,2559
2469,2530
2470,2538
2471,2536
2472,2539
2473,2535
2474,2545
2475,2534
2476,2551
2477,2546
2478,2537
2479,2546
2480,2534
2481,2531
2482,2551
2483,2536
2484,2536
2485,2534
2486,2544
2487,2554
2488,2543
2489,2557
2490,2547
2491,2543
2492,2534
2493,2536
2494,2545
2495,2542
2496,2545
2497,2542
2498,2533
2499,2555
2500,2554
2501,2557
2502,2539
2503,2542
2504,2530
2505,2539
2506,2555
2507,2532
2508,2534
2509,2536
2510,2532
2511,2555
2512,2556
2513,2546
2514,2540
2515,2532
2516,2539
2517,2552
2518,2535
2519,2541
2520,2542
2521,2546
2522,2540
2523,2544
2524,2550
2525,2535
2526,2543
2527,2546
2528,2548
2529,2552
2530,2560
2531,2560
2532,2560
2533,2561
2534,2562
2535,2560
2536,2560
2537,2562
2538,2562
2539,2562
2540,2562
2541,2561
2542,2560
2543,2561
2544,2562
2545,2562
2546,2560
2547,2562
2548,2561
2549,2562
2550,2561
2551,2560
2552,2562
2553,2560
2554,2561
2555,2562
2556,2562
2557,2561
2558,2561
2559,2562