101,100114
102,100221
104,100212
108,100238
114,100361
115,100191
122,100368
124,100167
133,100013
139,100424
145,100243
146,100432
149,100178
155,100379
159,100200
160,100029
163,100309
168,100144
183,100089
208,100075
212,100258
217,100083
220,100394
227,100273
235,100149
237,100036
238,100357
249,100130
258,100273
266,100449
287,100256
297,100177
308,100386
312,100321
314,100174
315,100362
316,100298
322,100361
324,100027
327,100458
339,100182
349,100165
352,100124
353,100089
359,100277
361,100032
364,100342
365,100160
366,100399
399,100082
401,100258
402,100348
403,100309
407,100412
409,100224
411,100390
413,100025
424,100414
428,100374
433,100153
434,100020
447,100019
454,100111
456,100091
457,100137
464,100107
470,100043
472,100259
475,100441
479,100380
483,100373
489,100204
490,100048
492,100300
494,100018
498,100084
499,100341
502,100162
522,100207
525,100034
550,100043
552,100296
553,100214
557,100220
558,100242
559,100437
561,100351
571,100134
580,100286
593,100188
594,100130
597,100193
614,100350
629,100441
631,100101
633,100314
641,100217
643,100248
644,100209
647,100044
658,100451
663,100420
680,100082
692,100398
693,100353
699,100375
706,100092
717,100253
725,100311
730,100079
734,100027
758,100389
760,100074
770,100023
772,100275
780,100423
781,100275
788,100372
789,100277
796,100225
808,100433
817,100192
818,100113
826,100351
828,100185
831,100117
832,100188
837,100008
843,100003
855,100392
859,100272
861,100115
866,100205
867,100167
872,100236
874,100274
881,100349
893,100301
934,100299
952,100098
969,100111
1012,100043
1014,100035
1016,100396
1025,100314
1051,100354
1176,100333
1221,100157
1224,100020
1258,100174
1334,100395
1361,100182
1377,100256
1399,100326
1400,100178
1408,100313
1437,100376
1488,100165
1500,100445
1643,100443
1649,100214
1799,100165
1814,100118
1838,100104
1876,100068
1931,100159
1998,100185
2070,100022
2140,100176
2226,100057
2229,100174
2249,100314
2313,100152
2368,100457
2380,100357
2381,100131
2393,100220
2511,100348
2618,100339
2629,100261
2666,100438
2677,100001
2737,100266
2779,100338
2834,100125
2849,100335
2870,100345
2878,100340
2889,100110
2912,100274
2916,100145
2918,100254
2928,100423
2935,100327
2945,100206
2992,100133
3005,100342
3036,100371
3097,100364
3118,100114
3120,100281
3135,100457
3136,100438
3138,100102
3201,100198
3221,100094
3224,100216
3273,100369
3285,100237
3301,100234
3309,100361
3310,100221
3326,100244
3333,100314
3337,100087
3345,100240
3346,100134
3347,100190
3348,100159
3355,100447
3360,100039
3373,100447
3381,100248
3382,100441
3396,100332
3403,100050
3465,100048
3495,100187
3522,100159
3526,100125
3544,100292
3611,100356
3614,100116
3620,100392
3637,100248
3655,100371
3656,100412
3657,100200
3676,100439
3685,100151
3710,100224
3711,100069
3838,100038
3880,100200
3891,100098
3898,100012
3910,100162
3916,100189
3919,100133
3943,100148
3952,100059
3953,100107
3963,100057
3964,100443
3984,100289
4000,100245
4001,100381
4020,100357
4025,100144
4029,100115
4032,100047
4041,100412
4043,100113
4044,100303
4045,100070
4048,100427
4055,100067
4059,100404
4063,100037
4067,100250
4079,100081
4084,100063
4090,100200
4096,100459
4109,100422
4111,100269
4113,100259
4114,100301
4115,100398
4119,100342
4127,100022
4128,100330
4129,100105
4131,100041
4139,100405
4150,100162
4184,100120
4356,100030
4357,100200
4367,100232
4374,100159
4376,100277
4381,100367
4436,100368
4556,100151
4610,100447
4611,100264
4616,100330
4624,100200
4626,100345
4636,100401
4656,100437
4657,100106
4716,100069
4717,100457
4718,100431
4725,100180
4788,100024
4796,100383
4797,100118
4798,100076
4825,100043
4846,100413
4852,100196
4853,100436
4863,100251
4864,100083
4866,100071
4867,100118
4868,100445
4876,100330
4936,100320
4947,100171
4949,100293
4955,100234
4959,100417
4977,100128
4989,100233
4993,100102
5004,100355
5006,100370
5008,100370
5012,100100
5014,100408
5034,100301
5036,100037
5037,100237
5038,100208
5040,100444
5061,100281
5067,100057
5086,100049
5103,100019
5104,100415
5105,100115
5106,100167
5133,100372
5136,100014
5149,100009
5153,100336
5157,100231
5159,100409
5202,100157
5242,100266
5246,100345
5247,100012
5280,100140
5281,100120
5286,100316
5288,100144
5289,100435
5290,100057
5318,100399
5319,100147
5325,100262
5326,100008
5327,100394
5329,100313
5345,100076
5346,100167
5347,100309
5349,100191
5350,100232
5355,100055
5360,100140
5362,100013
5404,100158
5430,100218
5433,100146
5443,100220
5446,100334
5484,100094
5486,100460
5492,100088
5516,100198
5555,100196
5592,100198
5596,100357
5605,100257
5606,100318
5614,100092
5620,100052
5633,100226
5635,100346
5677,100336
5696,100349
5700,100256
5702,100279
5744,100276
5745,100064
5747,100233
5753,100244
5755,100262
5809,100148
5842,100144
5846,100016
6052,100391
6076,100024
6196,100443
6206,100434
6237,100253
6238,100447
6296,100196
6316,100441
6996,100318
6997,100202
6998,100212
8208,100341
8824,100455
8825,100171
8826,100418
8827,100334
8828,100036
9078,100210
9278,100331
9426,100123
9428,100237
9432,100075
10006,100014
10008,100108
10009,100052
10278,100393
10548,100285
10549,100319
10550,100164
10552,100387
10553,100180
10555,100071
10582,100041
10624,100371
10625,100223
10626,100157
10627,100103
10628,100435
10632,100055
10781,100150
10784,100284
10786,100018
10788,100178
10789,100202
10790,100053
10791,100281
10792,100358
10793,100295
10797,100190
10802,100430
10803,100121
10804,100001
10805,100266
10807,100338
10808,100327
10809,100323
10812,100101
10815,100058
10818,100198
10819,100437
10826,100432
10828,100380
10830,100396
10834,100408
10835,100440
10836,100201
10838,100082
10840,100124
10846,100399
10855,100109
10880,100246
10882,100244
10890,100280
11206,100156
11216,100411
11285,100421
11290,100047
11293,100270
11294,100448
11296,100024
11297,100125
11298,100094
11299,100050
11346,100105
11347,100039
11348,100406
11366,100361
11370,100234
11371,100348
11390,100013
11416,100306
11450,100148
11452,100096
11470,100006
11472,100076
11520,100337
11586,100025
11588,100288
11771,100189
11773,100394
11774,100395
11776,100388
11777,100108
11786,100091
11788,100104
11909,100124
11910,100137
11912,100407
11936,100314
11940,100228
12316,100141
12404,100057
12406,100322
12407,100362
12408,100016
12409,100351
12464,100350
12466,100006
12467,100384
12476,100097
12478,100370
12479,100005
12668,100439
12856,100334
12861,100175
12862,100276
12863,100324
12865,100371
12888,100301
13036,100274
13037,100043
13038,100323
13062,100203
13388,100051
13542,100145
13636,100077
13638,100412
13647,100263
13730,100202
13928,100080
14192,100207
14199,100387
14204,100121
14208,100405
14210,100309
14472,100283
14473,100333
14474,100041
14480,100030
14481,100216
14483,100104
14484,100435
14486,100350
14487,100284
14489,100090
14490,100395
14493,100293
14495,100040
14498,100037
14501,100316
14512,100447
14513,100288
14806,100042
15180,100141
15241,100372
15244,100041
15246,100291
15247,100251
15248,100267
15256,100306
15296,100107
15526,100426
15542,100310
15572,100055
15582,100384
15592,100424
15604,100188
15606,100219
15616,100098
15617,100008
15621,100108
15626,100433
15627,100359
15628,100406
15631,100217
15642,100460
15644,100269
15646,100006
15648,100445
15656,100358
15658,100128
15659,100394
15660,100367
15667,100430
15677,100130
15686,100078
15711,100185
15724,100377
15727,100165
15737,100146
15739,100317
15776,100223
15777,100420
15809,100114
15810,100135
15813,100382
15814,100123
15818,100158
15830,100388
15856,100213
15866,100391
15870,100065
15884,100405
15888,100181
15890,100042
15911,100114
15919,100101
15933,100138
15938,100198
15940,100339
15945,100149
15951,100004
15982,100246
15995,100139
16050,100196
16096,100434
16186,100255
16196,100383
16396,100444
16416,100046
16502,100104
16516,100368
16517,100288
16518,100065
16562,100260
16580,100199
16673,100075
16676,100168
16679,100021
16814,100347
16825,100402
16829,100031
16835,100414
16850,100308
16853,100144
16862,100187
16906,100118
16987,100293
16988,100177
17085,100094
17086,100337
17087,100442
17088,100447
17090,100115
17092,100459
17127,100221
17176,100163
17205,100397
17206,100250
17284,100305
17509,100325
17520,100309
17566,100011
17670,100301
17766,100282
17826,100289
17830,100042
17914,100214
17916,100166
17954,100052
17956,100452
17958,100076
18006,100413
18046,100043
18048,100255
18096,100410
18116,100175
18120,100281
18196,100072
18198,100203
18199,100019
18284,100366
18348,100350
18350,100187
18352,100181
18407,100290
18408,100248
18604,100362
18620,100144
18661,100299
18788,100264
18856,100217
18858,100051
18906,100172
19006,100407
19009,100239
19017,100000
19019,100074
19021,100191
19026,100266
19029,100021
19030,100418
19032,100048
19036,100288
19038,100204
19048,100245
19060,100067
19061,100079
19062,100454
19063,100226
19064,100310
19066,100268
19067,100424
19068,100306
19070,100202
19081,100252
19094,100154
19096,100110
19101,100399
19110,100310
19112,100190
19116,100330
19118,100218
19224,100130
19226,100219
19227,100323
19228,100192
19235,100191
19400,100442
19436,100183
19473,100327
19474,100101
19475,100442
19476,100317
19477,100276
19478,100018
19480,100302
19481,100129
19486,100354
19880,100443
20246,100356
20247,100229
20248,100017
20286,100411
20316,100395
20318,100174
20366,100278
20369,100429
20372,100251
20375,100319
20536,100068
20656,100341
21075,100118
21201,100106
21206,100227
21210,100262
21215,100421
21222,100422
21226,100219
21236,100144
21480,100382
21594,100248
21595,100106
21596,100211
21597,100382
21598,100246
21602,100008
22102,100138
22121,100016
22151,100012
22155,100007
22156,100301
22157,100360
22158,100241
22175,100139
22178,100456
22199,100453
22207,100327
22213,100073
22214,100169
22215,100323
22216,100397
22217,100219
22219,100109
22228,100281
22241,100239
22244,100375
22253,100045
22783,100054
22784,100438
22786,100103
22787,100182
22788,100120
22897,100211
23276,100119
23277,100345
23278,100444
23626,100300
23708,100337
23823,100021
23824,100095
23826,100244
23827,100054
23828,100314
24156,100370
24157,100112
24158,100095
24451,100115
24453,100038
24454,100424
24456,100197
24457,100392
24458,100222
24466,100262
24706,100329
24728,100403
24906,100128
24910,100456
25496,100397
25601,100324
25603,100242
25604,100400
25606,100360
25607,100344
25608,100304
25616,100117
25874,100407
25876,100270
25877,100180
25878,100063
25966,100417
25990,100194
25992,100158
26585,100119
26586,100020
26589,100144
26606,100026
26656,100063
26675,100366
26710,100032
26712,100234
26714,100016
26722,100413
26726,100367
26737,100037
26739,100331
26757,100453
26759,100010
26763,100126
26765,100180
26781,100355
26783,100098
26787,100104
26800,100432
26806,100315
26814,100373
26815,100012
26820,100013
26821,100171
26822,100377
26823,100100
26824,100335
26826,100019
26827,100256
26828,100131
26842,100189
26844,100074
26851,100426
26858,100440
26871,100351
26892,100223
26906,100366
26910,100422
26924,100061
26939,100394
26942,100135
26944,100372
26977,100070
26986,100414
26988,100108
26996,100359
26998,100314
27007,100340
27014,100403
27021,100068
27022,100019
27025,100292
27026,100390
27027,100328
27028,100288
27037,100108
27040,100199
27048,100012
27056,100085
27063,100201
27065,100324
27066,100362
27079,100207
27080,100243
27081,100397
27094,100044
27098,100310
27100,100234
27102,100103
27110,100092
27123,100432
27125,100018
27126,100084
27127,100090
27130,100345
27131,100155
27138,100354
27141,100393
27145,100423
27163,100158
27165,100250
27167,100455
27171,100270
27175,100308
27181,100027
27182,100381
27189,100071
27195,100294
27230,100076
27235,100459
27237,100288
27245,100148
27246,100257
27247,100368
27255,100203
27257,100338
27260,100334
27274,100023
27276,100293
27286,100275
27289,100296
27290,100400
27292,100154
27310,100402
27318,100036
27323,100373
27324,100410
27339,100170
27351,100124
27357,100315
27369,100369
27370,100118
27371,100293
27372,100247
27386,100103
27390,100416
27392,100166
27394,100238
27404,100334
27406,100026
27408,100361
27409,100274
27410,100091
27412,100300
27417,100146
27428,100368
27433,100268
27439,100074
27442,100401
27453,100176
27454,100268
27464,100359
27469,100113
27474,100319
27476,100212
27478,100308
27479,100344
27486,100124
27505,100096
27508,100002
27512,100345
27523,100396
27535,100409
27536,100099
27543,100457
27544,100398
27551,100386
27554,100174
27560,100232
27562,100406
27577,100205
27582,100026
27585,100443
27588,100261
27597,100098
27604,100020
27605,100456
27625,100128
27629,100107
27632,100453
27636,100348
27668,100356
27673,100199
27677,100362
27680,100358
27682,100335
27692,100147
27697,100010
27723,100330
27724,100017
27741,100093
27750,100217
27751,100176
27753,100014
27754,100297
27773,100170
27774,100430
27776,100109
27777,100029
27778,100090
27780,100077
27781,100364
27782,100049
27783,100020
27793,100112
27794,100036
27799,100033
27801,100198
27802,100437
27806,100059
27814,100376
27829,100399
27832,100445
27841,100378
27844,100075
27849,100196
27853,100354
27890,100010
27891,100145
27898,100350
27904,100390
27913,100413
27920,100139
27947,100247
28005,100104
28019,100400
28025,100231
28039,100228
28040,100115
28042,100427
28043,100302
28056,100309
28066,100114
28067,100396
28068,100235
28069,100428
28070,100107
28078,100285
28081,100241
28086,100419
28087,100331
28088,100417
28131,100236
28132,100170
28134,100006
28147,100182
28195,100005
28206,100105
28210,100365
28222,100045
28224,100124
28231,100207
28233,100244
28236,100087
28238,100085
28246,100082
28275,100418
28276,100052
28278,100374
28279,100104
28350,100387
28370,100438
28465,100134
28466,100055
28625,100141
28627,100275
28628,100346
28638,100445
28656,100118
28704,100449
28718,100409
28770,100377
28795,100248
28812,100403
28865,100097
28866,100002
28867,100034
28868,100444
28877,100041
28883,100135
28886,100325
28888,100213
28890,100230
28905,100256
29109,100356
29119,100067
29282,100336
29287,100060
29288,100421
29404,100233
29421,100339
29422,100099
29423,100010
29566,100270
29568,100124
29708,100083
29710,100074
29712,100335
29728,100002
29812,100180
29900,100206
29993,100170
29994,100082
29996,100006
29997,100188
29998,100025
30016,100164
30036,100406
30056,100185
30057,100443
30058,100355
30236,100104
30238,100315
30247,100123
30250,100359
30316,100294
30317,100135
30318,100327
30526,100100
30527,100339
30528,100118
30543,100377
30544,100094
30546,100341
30557,100399
31167,100355
31207,100416
31208,100184
31296,100107
31470,100243
31471,100191
31472,100286
31473,100409
31474,100372
31475,100019
31493,100130
31496,100009
31654,100329
31656,100260
31657,100158
31658,100045
31666,100416
31718,100417
31719,100127
31866,100293
31990,100109
31991,100155
32231,100184
32232,100383
32233,100436
32234,100230
32235,100020
32236,100337
32237,100406
32238,100204
32426,100447
32650,100277
33206,100226
33256,100255
33266,100442
33280,100407
33282,100221
33285,100012
33286,100371
33291,100369
33295,100188
33316,100096
33462,100066
33466,100333
33467,100202
33469,100259
33489,100308
33507,100413
33508,100226
33511,100183
33518,100089
33528,100314
33537,100226
33538,100078
33539,100284
33554,100277
33559,100066
33565,100441
33567,100266
33621,100374
33642,100344
33647,100303
33653,100266
33658,100114
33660,100090
33661,100111
33663,100259
33665,100304
33672,100287
33689,100443
33692,100175
33700,100017
33704,100295
33716,100375
33717,100232
33737,100185
33749,100129
33750,100459
33761,100087
33773,100337
33783,100264
33785,100430
33786,100412
33788,100236
33789,100199
33791,100454
33800,100448
33802,100148
33820,100222
33822,100391
33825,100216
33827,100215
33868,100342
33893,100014
33894,100259
33899,100122
33900,100408
33918,100459
33921,100032
33927,100132
33932,100056
33935,100306
33937,100225
33938,100397
33945,100137
33947,100342
33959,100334
33966,100392
33971,100268
33983,100291
33987,100386
33994,100193
34001,100218
34003,100122
34004,100423
34006,100443
34007,100254
34008,100006
34014,100092
34015,100303
34017,100099
34026,100133
34029,100141
34030,100243
34032,100169
34033,100359
34034,100277
34036,100435
34041,100308
34051,100014
34052,100380
34061,100004
34065,100424
34076,100430
34078,100329
34089,100191
34092,100162
34096,100088
34113,100318
34114,100322
34116,100329
34117,100267
34118,100205
34122,100392
34138,100102
34155,100418
34158,100180
34160,100126
34162,100037
34164,100419
34166,100255
34188,100085
34189,100064
34190,100414
34197,100240
34198,100426
34199,100274
34237,100391
34244,100121
34255,100450
34267,100405
34269,100382
34300,100078
34326,100341
34329,100200
34349,100281
34359,100176
34366,100209
34368,100353
34385,100437
34395,100454
34398,100253
34400,100138
34421,100280
34422,100029
34423,100329
34425,100369
34433,100080
34436,100421
34449,100021
34451,100260
34454,100286
34456,100377
34457,100371
34458,100035
34467,100410
34486,100407
34505,100030
34543,100205
34546,100381
34547,100414
34548,100008
34561,100231
34566,100105
34573,100241
34578,100049
34579,100447
34605,100240
34606,100411
34629,100384
34630,100159
34642,100024
34678,100127
34679,100226
34690,100271
34698,100448
34702,100314
34709,100369
34729,100087
34737,100438
34746,100161
34747,100343
34748,100379
34753,100095
34759,100271
34786,100286
34787,100133
34812,100113
34815,100339
34817,100300
34818,100196
34819,100403
34820,100211
34821,100075
34822,100214
34823,100007
34839,100149
34849,100144
34856,100318
34870,100028
34871,100315
34876,100459
34881,100232
34886,100017
34919,100129
34935,100037
34958,100009
34959,100207
34968,100108
34972,100453
34984,100205
34995,100362
34997,100137
35022,100153
35039,100077
35109,100007
35136,100195
35147,100040
35179,100432
35213,100137
35222,100343
35279,100232
35313,100182
35314,100447
35315,100201
35316,100145
35317,100109
35318,100227
35354,100247
35410,100125
35416,100000
35418,100083
35427,100122
35435,100451
35453,100393
35456,100378
35465,100220
35466,100387
35469,100156
35505,100239
35527,100327
35538,100405
35543,100182
35549,100396
35553,100286
35586,100350
35626,100113
35628,100108
35637,100267
35692,100011
35695,100205
35698,100307
35699,100274
35702,100110
35728,100366
35730,100439
35743,100163
35759,100001
35766,100434
35770,100318
35773,100292
35776,100456
35780,100010
35784,100019
35785,100072
35863,100124
35867,100216
35873,100204
35881,100373
35887,100016
35891,100306
35907,100279
35913,100376
35914,100455
35915,100227
35916,100229
35917,100399
35918,100165
35920,100187
35921,100353
35926,100357
35933,100029
35934,100313
35937,100155
35944,100060
35946,100069
35947,100425
35948,100342
35950,100079
35953,100140
35961,100271
35964,100034
35969,100299
35973,100042
35975,100385
35982,100448
36002,100457
36006,100434
36010,100332
36014,100081
36015,100065
36034,100341
36059,100357
36061,100420
36065,100281
36076,100053
36092,100321
36108,100259
36122,100065
36124,100199
36164,100087
36165,100297
36186,100191
36188,100217
36200,100160
36214,100154
36215,100083
36221,100150
36229,100040
36233,100321
36235,100072
36238,100099
36258,100102
36261,100019
36265,100369
36266,100277
36288,100367
36301,100376
36302,100421
36304,100014
36305,100352
36306,100281
36307,100271
36308,100226
36309,100455
36311,100040
36315,100440
36344,100277
36369,100185
36374,100340
36376,100115
36383,100419
36384,100156
36390,100315
36399,100362
36406,100015
36410,100386
36433,100147
36435,100334
36447,100083
36460,100456
36468,100460
36473,100278
36482,100350
36494,100080
36498,100069
36527,100374
36531,100328
36535,100421
36552,100372
36574,100031
36576,100005
36578,100439
36591,100139
36592,100062
36595,100153
36604,100094
36606,100445
36614,100384
36616,100069
36617,100258
36618,100093
36620,100402
36641,100332
36644,100380
36648,100251
36650,100239
36667,100302
36668,100091
36673,100002
36679,100318
36685,100037
36690,100217
36723,100171
36733,100425
36749,100111
36756,100449
36763,100060
36764,100039
36765,100030
36769,100402
36821,100191
36870,100081
36871,100103
36872,100104
36873,100149
36874,100369
36875,100330
36878,100161
36880,100309
36886,100046
36887,100044
36896,100344
36901,100231
36903,100169
36904,100215
36907,100168
36908,100375
36965,100426
36966,100386
36967,100202
36968,100357
36969,100140
36970,100150
36971,100061
36973,100213
36974,100157
36976,100091
36978,100041
36982,100277
36983,100276
36989,100141
37010,100204
37012,100051
37014,100229
37020,100185
37040,100118
37047,100152
37048,100363
37067,100445
37097,100320
37103,100086
37111,100125
37125,100401
37131,100330
37145,100444
37146,100058
37147,100387
37148,100416
37203,100338
37204,100109
37217,100455
37332,100228
37335,100112
37336,100287
37337,100227
37338,100411
37339,100142
37344,100385
37346,100041
37347,100368
37348,100237
37356,100245
37364,100158
37413,100108
37414,100351
37416,100079
37417,100103
37418,100406
37426,100165
37526,100405
37528,100448
37586,100242
37599,100344
37640,100107
37641,100399
37642,100240
37663,100049
37664,100190
37665,100148
37742,100185
37880,100267
37881,100013
37886,100288
37888,100299
37889,100126
37896,100284
37906,100437
37934,100224
37935,100304
37936,100392
37937,100321
37938,100112
37974,100344
37976,100267
37984,100441
37986,100416
37987,100184
37988,100339
37991,100393
37993,100303
37994,100234
37996,100012
37997,100435
37998,100130
38002,100024
38006,100355
38008,100398
38031,100014
38046,100340
38056,100176
38058,100249
38081,100260
38086,100020
38088,100241
38089,100431
38169,100026
38170,100212
38174,100069
38176,100274
38177,100448
38178,100431
38179,100148
38180,100001
38504,100414
38507,100005
38580,100057
38581,100447
39460,100222
39466,100350
39476,100448
39533,100438
39555,100049
39556,100420
39577,100356
39594,100180
39597,100112
39606,100405
39607,100373
39608,100412
39611,100177
39619,100211
39629,100192
39648,100081
39650,100104
39655,100105
39659,100303
39666,100296
39669,100075
39671,100165
39680,100352
39699,100286
39704,100055
39705,100043
39706,100336
39707,100058
39714,100124
39715,100268
39723,100056
39725,100158
39752,100008
39753,100084
39755,100369
39759,100062
39770,100401
39771,100097
39777,100005
39825,100164
39827,100157
39830,100129
39834,100215
39839,100162
39850,100378
39856,100132
39864,100251
39865,100064
39866,100203
39868,100357
39869,100063
39871,100235
39874,100059
39876,100370
39890,100179
39892,100417
39916,100387
39917,100141
39918,100344
39919,100361
39920,100142
39922,100069
39939,100000
39943,100322
39946,100046
39952,100360
40001,100121
40005,100174
40007,100457
40023,100448
40024,100038
40047,100393
40048,100292
40052,100112
40053,100127
40060,100173
40063,100053
40064,100062
40069,100050
40070,100419
40071,100424
40073,100265
40092,100124
40105,100139
40107,100137
40118,100236
40125,100098
40126,100009
40151,100305
40152,100303
40154,100283
40157,100359
40182,100366
40184,100178
40185,100119
40186,100261
40189,100000
40191,100173
40192,100372
40193,100332
40228,100347
40229,100253
40232,100013
40244,100117
40256,100050
40260,100376
40285,100297
40289,100400
40292,100270
40295,100182
40297,100356
40299,100444
40313,100206
40315,100055
40326,100301
40327,100030
40329,100369
40331,100369
40351,100261
40359,100366
40363,100246
40390,100210
40394,100376
40399,100077
40403,100458
40407,100106
40411,100320
40442,100402
40446,100144
40447,100235
40455,100219
40465,100013
40474,100373
40475,100028
40489,100363
40496,100079
40497,100423
40500,100071
40528,100253
40569,100086
40570,100025
40572,100316
40574,100118
40576,100333
40590,100136
40591,100184
40592,100229
40593,100199
40594,100000
40595,100240
40597,100188
40598,100256
40599,100408
40600,100090
40603,100277
40604,100385
40608,100260
40614,100067
40616,100287
40619,100137
40621,100334
40625,100296
40629,100360
40632,100033
40636,100345
40637,100275
40648,100049
40649,100324
40656,100115
40657,100197
40658,100297
40661,100145
40667,100176
40669,100251
40678,100070
40682,100093
40686,100337
40691,100105
40694,100184
40697,100357
40804,100161
40810,100303
40821,100415
40841,100239
40845,100049
40849,100052
40853,100356
40909,100460
40917,100314
40926,100382
40930,100047
40939,100406
40945,100437
40946,100026
40949,100110
40956,100356
40957,100440
40962,100364
40965,100064
40976,100264
40986,100245
40992,100312
40997,100083
41019,100288
41076,100130
41077,100138
41078,100155
41079,100236
41116,100373
41127,100335
41146,100408
41161,100158
41167,100020
41190,100440
41209,100322
41220,100430
41279,100327
41299,100442
41316,100141
41320,100319
41326,100356
41360,100319
41413,100265
41467,100081
41468,100262
41500,100306
41512,100042
41592,100402
41601,100335
41602,100287
41604,100077
41625,100058
41653,100199
41670,100049
41681,100382
41688,100119
41691,100339
41692,100326
41693,100388
41694,100206
41696,100177
41698,100079
41701,100001
41703,100343
41704,100232
41705,100173
41707,100185
41715,100126
41719,100388
41746,100142
41747,100339
41783,100319
41786,100155
41787,100002
41796,100123
41797,100419
41806,100096
41807,100346
41840,100013
41846,100407
41857,100263
41867,100307
41876,100151
41901,100021
41922,100223
41927,100103
41935,100295
41937,100375
41938,100161
41943,100326
41944,100165
41954,100115
41966,100117
41969,100410
41989,100444
41991,100419
42002,100301
42006,100384
42009,100326
42031,100288
42035,100085
42063,100136
42079,100306
42120,100197
42127,100267
42137,100114
42141,100145
42142,100401
42146,100349
42149,100242
42151,100453
42153,100019
42166,100142
42167,100122
42175,100146
42177,100330
42204,100456
42213,100194
42214,100002
42217,100014
42218,100243
42230,100119
42233,100057
42240,100430
42242,100031
42244,100299
42249,100200
42298,100086
42299,100460
42310,100442
42312,100141
42316,100224
42317,100050
42370,100336
42437,100265
42444,100194
42484,100117
42485,100408
42507,100460
42566,100169
42599,100177
42665,100434
42666,100168
42676,100081
42686,100452
42687,100425
42699,100175
42703,100178
42712,100122
42714,100023
42716,100441
42717,100394
42718,100414
42723,100334
42777,100358
42893,100064
42936,100316
42983,100183
42984,100448
43022,100158
43023,100006
43024,100459
43025,100112
43026,100381
43027,100079
43028,100348
43031,100150
43034,100200
43035,100088
43036,100155
43037,100059
43038,100116
43040,100123
43046,100074
43048,100252
43049,100361
43050,100361
43051,100272
43052,100135
43055,100048
43066,100047
43073,100326
43076,100263
43077,100166
43079,100195
43086,100409
43089,100050
43092,100213
43095,100423
43096,100371
43097,100247
43109,100354
43112,100280
43116,100443
43117,100284
43120,100170
43121,100332
43123,100450
43124,100250
43125,100337
43126,100406
43127,100016
43128,100236
43134,100219
43135,100158
43136,100116
43137,100328
43138,100187
43142,100188
43145,100302
43156,100096
43163,100306
43174,100134
43183,100258
43197,100397
43198,100169
43201,100281
43204,100089
43205,100163
43206,100221
43208,100418
43209,100129
43210,100129
43219,100011
43226,100254
43232,100262
43237,100408
43244,100217
43263,100305
43275,100434
43280,100099
43282,100401
43285,100275
43287,100327
43290,100288
43296,100141
43299,100396
43302,100349
43306,100161
43308,100282
43314,100091
43316,100072
43318,100039
43319,100300
43322,100219
43323,100228
43325,100050
43328,100319
43330,100326
43331,100070
43333,100410
43334,100167
43335,100334
43336,100058
43337,100447
43338,100117
43340,100358
43343,100101
43345,100122
43349,100222
43352,100263
43356,100036
43360,100316
43362,100026
43366,100455
43368,100322
43371,100343
43375,100124
43386,100247
43387,100106
43388,100224
43409,100201
43410,100116
43415,100030
43416,100360
43418,100459
43426,100329
43428,100305
43439,100184
43442,100024
43451,100334
43482,100189
43501,100040
43507,100230
43508,100077
43510,100099
43512,100309
43519,100121
43529,100295
43536,100102
43538,100047
43539,100066
43565,100383
43593,100006
43596,100287
43607,100373
43608,100117
43615,100022
43618,100065
43621,100024
43633,100456
43644,100072
43645,100054
43646,100424
43647,100032
43648,100328
43681,100164
43683,100296
43685,100240
43686,100396
43693,100102
43745,100068
43747,100292
43848,100090
43980,100110
43984,100096
43986,100293
43990,100099
43991,100307
44083,100142
44084,100404
44215,100349
44217,100165
44258,100177
44259,100425
44266,100130
44292,100252
44306,100425
44308,100181
44331,100422
44350,100038
44410,100145
44419,100046
44420,100073
44426,100114
44428,100017
44430,100306
44442,100452
44448,100129
44456,100420
44468,100310
44476,100286
44486,100436
44487,100021
44499,100406
44511,100116
44516,100179
44520,100121
44536,100447
44539,100369
44557,100066
44561,100077
44565,100180
44568,100219
44603,100106
44657,100130
44658,100212
44660,100310
44662,100271
44664,100062
44667,100043
45245,100182
45246,100162
45247,100301
45248,100016
45274,100335
45275,100186
45276,100294
45277,100126
45278,100166
45306,100128
45418,100166
45419,100323
45869,100028
45870,100333
45884,100453
45886,100219
45887,100049
45888,100394
45950,100104
45995,100283
46001,100323
46008,100181
46019,100230
46105,100233
46112,100208
46113,100258
46127,100426
46140,100170
46142,100232
46144,100173
46146,100194
46350,100431
46351,100077
46430,100437
46432,100452
46434,100024
46497,100387
46499,100213
46502,100384
46503,100291
46504,100121
46506,100015
46525,100132
46685,100094
46686,100459
46687,100224
46753,100450
46915,100306
46937,100104
46939,100045
47001,100070
47002,100428
47009,100093
47010,100301
47775,100244
47776,100451
47780,100295
47782,100436
47785,100360
47786,100070
47788,100117
47790,100238
47806,100348
47861,100442
47863,100411
47865,100419
48095,100133
48099,100225
48101,100042
48102,100154
48103,100188
48104,100177
48105,100453
48106,100007
48107,100348
48108,100134
48115,100257
48116,100450
48122,100428
48143,100139
48146,100235
48154,100444
48164,100215
48172,100231
48178,100202
48181,100127
48182,100444
48183,100456
48185,100226
48190,100402
48192,100156
48361,100244
48690,100455
48696,100179
48699,100315
48725,100413
49083,100220
49084,100199
49086,100202
49156,100063
49175,100108
49176,100148
49182,100368
49185,100324
49186,100067
49188,100286
49189,100228
49373,100081
49374,100031
49376,100071
49507,100273
49712,100315
49962,100357
49982,100152
49986,100411
50375,100029
50686,100169
51195,100024
51196,100219
51199,100229
51201,100079
51202,100162
51326,100334
51506,100166
51606,100298
51696,100210
51710,100055
51712,100360
51714,100188
52146,100385
52186,100076
52199,100021
52216,100339
52312,100379
52314,100023
52316,100395
52317,100441
52318,100115
52319,100441
52562,100383
52563,100278
52579,100081
52580,100457
52581,100292
52582,100301
52590,100220
52591,100045
52593,100308
52594,100110
52595,100306
52596,100404
52597,100428
52598,100287
52599,100251
52653,100215
52656,100147
52806,100423
52808,100410
52835,100177
53206,100086
53210,100403
53211,100384
53213,100226
53214,100003
53216,100221
53218,100154
53367,100274
53368,100263
53629,100395
53652,100295
53692,100425
53920,100132
53936,100310
53937,100354
54056,100378
54057,100374
54436,100174
54444,100153
54446,100393
54447,100186
54448,100355
54646,100279
54647,100152
54706,100060
54710,100252
55066,100208
55068,100057
55084,100356
55086,100221
55087,100341
55088,100390
55106,100260
55246,100189
55504,100318
55506,100427
56006,100458
56193,100136
56194,100098
56195,100231
56196,100452
56206,100359
56366,100457
56666,100119
56667,100311
56765,100443
56767,100049
56768,100192
56791,100374
56792,100434
56793,100149
56796,100269
56797,100253
56798,100256
56802,100144
56803,100224
56804,100352
56805,100278
56825,100171
56828,100312
56838,100310
56840,100066
56843,100262
56846,100020
56850,100293
56870,100098
56957,100327
56958,100025
57051,100214
57070,100036
57090,100254
57092,100176
57120,100101
57125,100062
57129,100143
57144,100091
57148,100281
57150,100046
57157,100138
57158,100189
57161,100265
57168,100116
57169,100300
57174,100071
57176,100333
57178,100437
57179,100375
57180,100285
57181,100049
57201,100309
57273,100350
57274,100139
57276,100066
57278,100398
58106,100280
58163,100328
58488,100385
58516,100204
58548,100174
58550,100089
58744,100035
58746,100333
58758,100049
58801,100151
58814,100273
58819,100428
58821,100215
58822,100428
58823,100182
58835,100205
58836,100238
58838,100436
58840,100436
58842,100252
58845,100115
58860,100453
58863,100213
58865,100374
58866,100241
58868,100186
58872,100049
58873,100258
58874,100002
58875,100001
58876,100373
58877,100105
58878,100457
58879,100199
58882,100379
58885,100093
58886,100421
58888,100271
58890,100110
58892,100046
58893,100448
58895,100294
58897,100123
58898,100203
58899,100026
59037,100098
59069,100139
59100,100044
59102,100241
59153,100190
59154,100151
59159,100363
59161,100345
59162,100075
59163,100019
59164,100160
59169,100031
59182,100117
59231,100132
61613,100097
61616,100137
61618,100214
62061,100294
62089,100229
62096,100164
62097,100135
62212,100094
62369,100312
62380,100147
62381,100373
62382,100005
62383,100363
62384,100239
62387,100415
62400,100017
62405,100417
62420,100268
62422,100152
62494,100183
62496,100342
62498,100225
62809,100032
62837,100104
62838,100422
62906,100302
62920,100432
63351,100031
63352,100357
63354,100368
63355,100202
63356,100212
63357,100051
63358,100343
63359,100424
63361,100348
63362,100128
63363,100085
63522,100195
63528,100356
63530,100343
63541,100101
63543,100220
63545,100051
63550,100223
63683,100100
63687,100179
63691,100423
63730,100144
63740,100356
63741,100058
63745,100364
63746,100288
63752,100158
63755,100418
63765,100410
63781,100359
63792,100133
63798,100179
63810,100455
63812,100162
63825,100335
63865,100295
63894,100182
63959,100364
63963,100231
64000,100094
64009,100356
64011,100077
64017,100216
64098,100182
64121,100216
64126,100036
64135,100338
64136,100378
64138,100070
64147,100338
64250,100186
64336,100302
64356,100011
64396,100172
64418,100226
64435,100361
64438,100228
64439,100355
64440,100000
64446,100257
64489,100290
64495,100082
64497,100072
64509,100435
64510,100343
64511,100405
64512,100424
64513,100252
64529,100264
64570,100357
64571,100266
64572,100415
64573,100455
64581,100135
64590,100006
64593,100446
64599,100390
64601,100149
64613,100341
64615,100009
64620,100347
64626,100354
64636,100406
64645,100315
64674,100144
64676,100199
64711,100254
64712,100176
64713,100370
64715,100140
64716,100235
64719,100146
64722,100361
64724,100432
64725,100062
64727,100066
64736,100377
64742,100035
64746,100298
64750,100095
64752,100196
64755,100172
64759,100164
64761,100425
64762,100345
64764,100287
64765,100096
64767,100279
64774,100279
64776,100028
64790,100418
64795,100433
64816,100226
64856,100205
64857,100456
64858,100104
64862,100043
64863,100364
64864,100118
64865,100135
64866,100077
64867,100411
64868,100097
64870,100170
64876,100357
64883,100254
64888,100109
64892,100254
64904,100115
64911,100156
64912,100386
64913,100408
64914,100030
64915,100128
64919,100245
64921,100004
64923,100375
64924,100386
64930,100232
64933,100153
64937,100327
64939,100459
64976,100433
64979,100175
64985,100100
64986,100028
64996,100071
65016,100255
65017,100297
65025,100373
65061,100214
65065,100221
65066,100024
65090,100322
65109,100064
65111,100453
65124,100268
65125,100097
65126,100375
65127,100076
65144,100269
65185,100356
65191,100459
65194,100287
65195,100125
65199,100223
65200,100156
65204,100197
65218,100135
65229,100446
65231,100119
65232,100172
65238,100401
65248,100373
65251,100289
65252,100210
65253,100215
65254,100452
65256,100043
65257,100421
65258,100043
65259,100147
65260,100212
65307,100454
65426,100047
65435,100144
65534,100018
65536,100049
65677,100081
65767,100380
65768,100426
65788,100344
65896,100112
65963,100312
66004,100451
66015,100164
66050,100106
66052,100030
66054,100139
66070,100131
66107,100364
66165,100304
66167,100029
66169,100419
66178,100319
66199,100050
66203,100450
66206,100224
66208,100299
66211,100393
66213,100437
66226,100106
66240,100230
66243,100190
66293,100301
66295,100077
66296,100051
66518,100054
66636,100171
66708,100002
66710,100442
66713,100346
66789,100132
66790,100237
66810,100205
66823,100093
66833,100075
66834,100220
66836,100034
66863,100401
66936,100439
66977,100105
66978,100166
66979,100183
66981,100151
66982,100332
66992,100364
67006,100204
67067,100460
67159,100185
67161,100438
67186,100085
67192,100316
67194,100158
67264,100203
67266,100187
67267,100262
67272,100214
67273,100437
67274,100148
67275,100080
67285,100257
67288,100089
67296,100232
67341,100190
67406,100205
67426,100143
67487,100178
67506,100264
67508,100015
67509,100279
67513,100041
67522,100314
67524,100440
67526,100017
67527,100140
67528,100448
67534,100033
67536,100059
67540,100396
67546,100291
67556,100153
67557,100316
67571,100222
67574,100174
67575,100426
67578,100171
67586,100041
67590,100168
67595,100074
67599,100068
67610,100318
67757,100269
67866,100445
67870,100310
67874,100163
68010,100112
68011,100133
68013,100176
68017,100225
68022,100286
68028,100113
68031,100447
68034,100181
68036,100181
68037,100031
68038,100048
68039,100108
68040,100397
68042,100080
68043,100180
68046,100196
68047,100117
68048,100161
68049,100344
68126,100284
68127,100247
68128,100235
68306,100438
68340,100052
68526,100317
68559,100439
68611,100257
68800,100439
68842,100460
68846,100165
68867,100452
68868,100338
69609,100459
69610,100305
69611,100141
69631,100395
69634,100385
69636,100393
69637,100306
69638,100323
69639,100107
69646,100432
69654,100442
69656,100056
69657,100263
69658,100315
69661,100362
69666,100225
69667,100147
69704,100119
69706,100115
69711,100099
69713,100269
69715,100105
69940,100204
69941,100160
69945,100182
69946,100236
69947,100055
71410,100262
71412,100206
71424,100437
71426,100003
71441,100381
71446,100046
71529,100032
71731,100189
71886,100113
71902,100174
71917,100414
72355,100369
72356,100099
72364,100216
72417,100226
72434,100143
72448,100309
72455,100308
72480,100275
72482,100049
72499,100307
72501,100335
72502,100240
72503,100234
72504,100081
72505,100326
72506,100098
72650,100324
72652,100193
72722,100453
72730,100251
72732,100318
72816,100316
72903,100434
72904,100438
72912,100431
72913,100454
72915,100354
72916,100118
72945,100057
72950,100253
72953,100149
72954,100335
73050,100119
73051,100066
73052,100042
73053,100019
73054,100197
73055,100028
73058,100245
73136,100308
73140,100121
73205,100416
73206,100380
73337,100137
73338,100354
73435,100351
73448,100093
73452,100164
73456,100394
73508,100065
73516,100168
73517,100453
73526,100318
73533,100387
73571,100202
73574,100088
73577,100382
73596,100403
73607,100267
73624,100090
73645,100012
73684,100199
73685,100231
73702,100100
73715,100299
73720,100237
73721,100425
73729,100326
73737,100171
73743,100025
73748,100325
73749,100287
73751,100324
73754,100084
73755,100356
73762,100388
73780,100301
73783,100173
73802,100400
73803,100120
73804,100057
73807,100075
73809,100332
73851,100254
73956,100234
73981,100168
73986,100100
74086,100327
74089,100036
74090,100211
74440,100207
74476,100293
74560,100233
74664,100020
74666,100355
74740,100074
74760,100304
74763,100144
74772,100140
74776,100391
74782,100215
74936,100229
75087,100272
75161,100100
75162,100220
75163,100306
75165,100390
75181,100340
75183,100393
75195,100414
75197,100253
75198,100188
75204,100377
75208,100355
75209,100234
75210,100391
75211,100347
75212,100278
75213,100111
75214,100323
75215,100336
75216,100372
75218,100418
75221,100104
75224,100127
75226,100079
75228,100309
75230,100270
75242,100250
75243,100143
75740,100143
75854,100016
75856,100339
75876,100448
75898,100337
75920,100404
76032,100080
76033,100446
76035,100119
76036,100413
76038,100333
76039,100126
76040,100353
76042,100299
76043,100055
76044,100082
76046,100008
76047,100394
76049,100037
76216,100216
76227,100257
76436,100099
76438,100397
76478,100028
76486,100164
76487,100101
76488,100287
76526,100204
76529,100171
76531,100087
76533,100187
76658,100292
76665,100322
76669,100104
76767,100020
77050,100318
77052,100217
77054,100115
77074,100204
77084,100271
77089,100155
77121,100247
77122,100384
77136,100235
77188,100259
77190,100049
77228,100268
77229,100275
77256,100177
77284,100140
77285,100155
77309,100159
77315,100451
77316,100205
77317,100377
77318,100449
77319,100254
77322,100142
77323,100248
77324,100114
77336,100348
77345,100273
77348,100267
77353,100069
77363,100439
77375,100182
77378,100334
77395,100247
77396,100341
77400,100355
77405,100372
77410,100151
77412,100346
77413,100203
77414,100448
77415,100394
77420,100186
77472,100419
77479,100163
77482,100260
77487,100335
77497,100244
77545,100262
77568,100157
77570,100224
77573,100241
77577,100014
77632,100040
77637,100284
77647,100298
77648,100231
77658,100276
77668,100252
77673,100333
77674,100289
77682,100188
77683,100421
77688,100241
77697,100145
77698,100156
77699,100321
77703,100425
77709,100017
77714,100051
77719,100080
77723,100136
77724,100120
77725,100013
77727,100300
77730,100248
77734,100037
77735,100276
77739,100371
77740,100072
77741,100266
77744,100289
77746,100153
77759,100094
77760,100281
77768,100158
77771,100202
77772,100000
77773,100315
77774,100424
77776,100429
77777,100076
77779,100134
77786,100273
77805,100215
77824,100338
77841,100395
77842,100427
77843,100107
77846,100153
77847,100031
77848,100183
77851,100335
77852,100220
77858,100087
77867,100027
77870,100339
77872,100295
77875,100027
77880,100211
77886,100136
77889,100218
77899,100442
77900,100444
77902,100324
77903,100107
77905,100117
77955,100174
77956,100139
77976,100417
77977,100293
77980,100294
77994,100142
78007,100125
78008,100288
78010,100352
78021,100263
78022,100083
78023,100035
78029,100067
78033,100218
78034,100450
78036,100286
78050,100245
78070,100099
78071,100056
78072,100311
78073,100002
78078,100165
78079,100286
78456,100455
78590,100339
78592,100126
78593,100365
78594,100241
78616,100200
78866,100118
79026,100006
79336,100447
79511,100293
79516,100217
79816,100193
79966,100033
79986,100170
80003,100254
80004,100074
80014,100114
80015,100410
80017,100305
80022,100377
80024,100211
80034,100230
80045,100172
80058,100328
80060,100317
80096,100102
80128,100339
80130,100326
80136,100070
80141,100439
80143,100191
80144,100326
80145,100293
80148,100322
80159,100133
80162,100292
80166,100020
80236,100203
80295,100344
80296,100190
80326,100424
80332,100041
80336,100426
80396,100276
80422,100409
80437,100194
80438,100270
80440,100231
80447,100018
80451,100115
80456,100195
80457,100364
80458,100114
80462,100173
80482,100183
80483,100187
80484,100403
80485,100295
80486,100359
80487,100183
80488,100135
80489,100077
80497,100242
80498,100460
80530,100081
80531,100259
80571,100346
80574,100139
80576,100441
80577,100075
80578,100039
80580,100386
80589,100393
80591,100425
80686,100231
80687,100006
80783,100295
80826,100312
80827,100027
81124,100433
81126,100144
81176,100277
81180,100079
81196,100339
81204,100293
81206,100021
81207,100299
81208,100016
81406,100375
81536,100062
81966,100447
82126,100191
82127,100085
82146,100382
82147,100361
82186,100006
82187,100396
82456,100034
82600,100198
82604,100027
82605,100350
82606,100277
82607,100357
82610,100016
82611,100456
82612,100417
82613,100327
82618,100411
82626,100118
82627,100282
82636,100041
82637,100153
82656,100344
82757,100157
82780,100108
82784,100448
82786,100281
82787,100340
82820,100233
82826,100284
82827,100100
82836,100149
82837,100043
82840,100148
82844,100443
82846,100230
82847,100046
82849,100089
82856,100056
82857,100397
82866,100375
82867,100416
82881,100118
82898,100385
82926,100097
82956,100423
82957,100445
83348,100111
83356,100122
83357,100124
83363,100225
83370,100030
83906,100050
83907,100195
83926,100309
84141,100341
84143,100327
84144,100344
84151,100121
84152,100427
84153,100457
84159,100106
84160,100414
84161,100395
84166,100126
84170,100139
84171,100208
84172,100402
84197,100341
84201,100054
84207,100348
84211,100230
84399,100059
84456,100284
84457,100175
84486,100110
84496,100266
84616,100057
84617,100303
84636,100301
85066,100133
85316,100235
85526,100222
85550,100248
85606,100100
85796,100031
86112,100370
86190,100338
86250,100068
86251,100257
86310,100033
86390,100150
86506,100164
86507,100102
86562,100360
86563,100012
86564,100314
86599,100435
86611,100393
86621,100107
86624,100405
86625,100362
86626,100259
86637,100350
86638,100148
86639,100357
86641,100458
86644,100120
86653,100325
86661,100262
86663,100218
86666,100100
86668,100099
86669,100370
86670,100166
86672,100149
86673,100026
86680,100132
86681,100024
86684,100394
86685,100139
86686,100175
86688,100122
86691,100164
86692,100161
86693,100172
86694,100117
86698,100183
86704,100242
86707,100180
86709,100370
86712,100285
86724,100007
86728,100185
86730,100329
86738,100181
86739,100441
86742,100315
86746,100208
86747,100001
86748,100006
86749,100311
86751,100366
86764,100280
86774,100176
86785,100319
86796,100425
86802,100019
86805,100058
86807,100147
86812,100072
86817,100403
86821,100369
86825,100434
86832,100266
86833,100171
86834,100035
86835,100100
86839,100393
86843,100142
86845,100388
86856,100418
86858,100369
86867,100276
86872,100397
86873,100208
86881,100444
86883,100391
86884,100046
86885,100258
86886,100100
86887,100422
86888,100078
86906,100072
86907,100312
86909,100249
86910,100195
86915,100059
86916,100257
86918,100030
86923,100110
86952,100441
86975,100288
87010,100009
87014,100090
87146,100095
87150,100380
87152,100101
87250,100011
87256,100349
87266,100403
87270,100300
87280,100073
87288,100406
87306,100252
87325,100397
87380,100013
87385,100344
87398,100252
87401,100371
87402,100076
87403,100342
87408,100241
87409,100260
87410,100271
87413,100226
87416,100418
87448,100097
87482,100291
87483,100331
87484,100450
87485,100066
87509,100140
87510,100343
87511,100147
87513,100172
87586,100010
87589,100457
87596,100401
87619,100363
87632,100257
87643,100252
87645,100124
87646,100328
87647,100033
87756,100218
87849,100267
87936,100210
87937,100292
87938,100075
87945,100327
87946,100163
87997,100151
88017,100039
88018,100358
88036,100180
88037,100366
88089,100360
88095,100062
88100,100120
88116,100459
88147,100443
88148,100219
88152,100290
88183,100444
88185,100136
88186,100358
88188,100400
88205,100149
88282,100455
88290,100075
88291,100453
88294,100155
88296,100336
88297,100008
88298,100329
88310,100031
88332,100285
88536,100454
88540,100038
88548,100094
88549,100446
88556,100386
88558,100426
88582,100182
88585,100128
88592,100246
88602,100263
88630,100143
88659,100221
88668,100241
88709,100127
88741,100085
88766,100030
88767,100162
88768,100194
88780,100212
88833,100370
88841,100447
88935,100107
89016,100127
89029,100387
89030,100391
89079,100268
89085,100357
89099,100280
89121,100346
89136,100139
89139,100153
89150,100085
89152,100314
89154,100152
89155,100096
89164,100343
89174,100368
89175,100167
89177,100332
89178,100343
89182,100324
89184,100052
89191,100399
89193,100339
89194,100130
89196,100433
89197,100242
89198,100256
89199,100020
89200,100160
89204,100101
89206,100432
89207,100014
89208,100383
89212,100059
89215,100303
89221,100049
89230,100072
89233,100141
89234,100194
89235,100262
89242,100279
89274,100335
89278,100354
89286,100021
89322,100122
89329,100459
89339,100289
89386,100030
89387,100453
89388,100427
89394,100234
89443,100202
89445,100201
89447,100144
89448,100247
89451,100438
89453,100166
89465,100436
89468,100441
89482,100316
89489,100438
89490,100071
89496,100207
89519,100180
89533,100436
89535,100094
89566,100389
89568,100060
89577,100001
89578,100030
89583,100182
89589,100420
89610,100130
89617,100096
89621,100458
89624,100379
89626,100456
89635,100011
89644,100249
89646,100386
89665,100165
89666,100043
89672,100356
89674,100176
89718,100458
89781,100092
89786,100175
89787,100266
89788,100007
89796,100231
89802,100171
89824,100333
89836,100295
89837,100264
89838,100332
89846,100235
89879,100032
89882,100053
89885,100256
89887,100373
89889,100267
89916,100266
89924,100356
89946,100420
89956,100121
100001,100356
100005,100202
100006,100351
100015,100213
100017,100355
100018,100412
100022,100309
100024,100190
100025,100306
100026,100360
100027,100334
100032,100422
100033,100418
100035,100268
100037,100187
100040,100304
100041,100024
100046,100368
100051,100126
100054,100292
100068,100451
100071,100012
100075,100430
100077,100374
100080,100446
100083,100175
100100,100317
100102,100029
100107,100034
100108,100104
100119,100152
100127,100153
100128,100117
100129,100198
100130,100198
100135,100148
100137,100167
100143,100296
100144,100274
100152,100451
100179,100411
100201,100094
100202,100371
100208,100212
100209,100150
100215,100032
100229,100420
100233,100105
100236,100290
100242,100111
100243,100148
100245,100161
100246,100241
100258,100191
100264,100411
100274,100034
100276,100328
100278,100116
100282,100226
100293,100340
100298,100292
100300,100072
100306,100250
100309,100367
100310,100092
100329,100350
100331,100009
100332,100248
100334,100212
100344,100447
100348,100124
100353,100346
100354,100375
100394,100437
100404,100436
100406,100458
100412,100240
100414,100131
100416,100000
100417,100162
100427,100058
100430,100293
100444,100078
100446,100346
100448,100085
100453,100327
100457,100013
100458,100224
100459,100077
100466,100139
100488,100433
100495,100383
100498,100344
100499,100445
100501,100277
100503,100045
100507,100337
100508,100214
100509,100327
100510,100066
100526,100134
100527,100215
100528,100004
100531,100129
100532,100054
100536,100197
100545,100149
100546,100387
100549,100015
100550,100072
100560,100279
100569,100369
100572,100213
100576,100330
100577,100414
100585,100324
100593,100157
100603,100422
100610,100168
100612,100174
100617,100228
100618,100414
100624,100317
100625,100389
100626,100255
100630,100395
100632,100426
100636,100120
100639,100130
100659,100420
100663,100038
100666,100185
100672,100308
100673,100282
100696,100281
100700,100093
100702,100042
100740,100013
100794,100183
103102,100198
900003,100034
900194,100118
900219,100158
900223,100138
900224,100217
900232,100323
900233,100169
900234,100333
900235,100182
900237,100317
900289,100277
900337,100343
900479,100344
900501,100155
900562,100050
900673,100364
900674,100330
900729,100198
900750,100049
900752,100079
900766,100192
901025,100438
901037,100437
901038,100118
901050,100376
901061,100241
901088,100263
901106,100049
901137,100317
901155,100173
901156,100011
901170,100265
901222,100355
901241,100211
901275,100351
901283,100167
901293,100173
901294,100182
901307,100257
901326,100356
901394,100195
901467,100157
901610,100287
901882,100141
901901,100428
902000,100436
902007,100201
902031,100109
902059,100081
902062,100209
902069,100339
902079,100199
902088,100062
902106,100351
902115,100421
902117,100320
902120,100137
902134,100106
902142,100074
902145,100177
902146,100011
902156,100295
902157,100371
902180,100113
902190,100193
902199,100335
902203,100417
902207,100008
902242,100149
902243,100354
902246,100202
902247,100329
902255,100288
902258,100178
902291,100036
902323,100270
902349,100403
902366,100324
902370,100383
902407,100420
902417,100089
902419,100040
902421,100345
902424,100423
902427,100057
902438,100096
902496,100137
902499,100033
902500,100066
902501,100057
902506,100394
902525,100112
902536,100059
902574,100013
902576,100070
902583,100400
902585,100101
902589,100330
902597,100060
902664,100325
902684,100307
902727,100109
902732,100061
902767,100012
902772,100228
902780,100113
902781,100414
902790,100219
902791,100152
902794,100412
902795,100382
902806,100311
902810,100183
902828,100000
902840,100378
902848,100067
902880,100296
902917,100081
902924,100339
902929,100085
902933,100370
902951,100128
902966,100021
902968,100398
902981,100099
903021,100042
903023,100277
903025,100124
903043,100196
903056,100271
903064,100164
903066,100162
903089,100055
903155,100139
903162,100424
903166,100212
903176,100177
903179,100245
903194,100012
903203,100170
903207,100127
903209,100355
903230,100181
903240,100234
903245,100029
903252,100449
903255,100162
903261,100036
903265,100047
903269,100038
903293,100276
903310,100023
903331,100388
903348,100232
903363,100237
903369,100150
903378,100272
903385,100069
903396,100421
903410,100090
903464,100246
903467,100411
903474,100134
903475,100226
903490,100097
903499,100453
903510,100221
903529,100052
903550,100044
903555,100199
903568,100223
903611,100322
903625,100227
903635,100265
903639,100430
903663,100393
903672,100117
903690,100391
903705,100379
903707,100385
903710,100312
903713,100306
903717,100305
903741,100206
903747,100441
903754,100255
903760,100439
903764,100076
903765,100340
903771,100228
903776,100301
903778,100260
903780,100296
903784,100040
903796,100352
903801,100217
903803,100396
903835,100417
903838,100366
903872,100331
903880,100364
903881,100357
903892,100038
903903,100068
903926,100067
903928,100215
903942,100362
903945,100193
903972,100450
903980,100115
903985,100014
903993,100243
903998,100263
904046,100018
904088,100004
904089,100244
904124,100060
904184,100430
904211,100276
904215,100355
904232,100216
904235,100156
904237,100361
904243,100112
904285,100279
904328,100125
904329,100164
904434,100250
904446,100188
904479,100389
904490,100160
904499,100176
904509,100425
904512,100276
904547,100150
904548,100340
904556,100324
904560,100149
904563,100056
904564,100376
904568,100018
904569,100253
904573,100431
904579,100396
904588,100161
904599,100433
904606,100385
904609,100396
904611,100085
904613,100454
904625,100131
904629,100392
904637,100245
904639,100460
904643,100398
904687,100173
904696,100128
904733,100313
904745,100005
904753,100071
904754,100294
904759,100123
904760,100181
904761,100111
904762,100435
904769,100332
904777,100317
904778,100277
904792,100369
904794,100181
904806,100339
904808,100383
904815,100002
904825,100161
904827,100129
904836,100217
904837,100424
904856,100007
904869,100245
904884,100009
904888,100150
904898,100241
904900,100096
904903,100315
904910,100004
904914,100085
904921,100265
904937,100380
904940,100103
904954,100459
904964,100377
904965,100323
904976,100239
904988,100080
904998,100430
905067,100190
905136,100347
905215,100143
905231,100408
905233,100204
905339,100207
905369,100417
905405,100381
905426,100255
905427,100025
905434,100198
905437,100219
905443,100242
905447,100116
905554,100423
905606,100304
905625,100111
905635,100231
905690,100327
905701,100140
905711,100148
905757,100123
905759,100136
905824,100285
905832,100447
905834,100260
905861,100206
905862,100285
905863,100064
905864,100261
905865,100292
905866,100037
905868,100264
906034,100180
906060,100101
906061,100436
906064,100055
906065,100227
906066,100233
906078,100248
906197,100339
906203,100247
906596,100257
908806,100347
910862,100426
910882,100351
910900,100162
911020,100341
911056,100080
911668,100028
912463,100360
912887,100077
912900,100365
913647,100224
914092,100126
915256,100133
915606,100280
915616,100163
915646,100336
915708,100157
915862,100205
915863,100289
915908,100226
915913,100324
915920,100280
915944,100160
915980,100010
915987,100078
916002,100043
916466,100059
916666,100278
916674,100184
916906,100085
916908,100014
916910,100426
917022,100058
917206,100059
917566,100272
917914,100267
917946,100256
918001,100366
918010,100171
918014,100321
918326,100287
918372,100070
918414,100353
918417,100362
918660,100317
919040,100379
919216,100192
919236,100044
919240,100268
919241,100412
919320,100236
919456,100043
919480,100021
919481,100453
919488,100104
919562,100444
919564,100219
919872,100293
919976,100025
920156,100366
920316,100074
920676,100090
921030,100152
921206,100437
921212,100002
921228,100119
921229,100344
921230,100263
921233,100352
921234,100430
921242,100367
921244,100058
921248,100023
921540,100096
921589,100182
921600,100069
921602,100354
921605,100001
921806,100215
921946,100048
921970,100266
922036,100214
922040,100262
922042,100159
922095,100142
922096,100051
922097,100350
922178,100166
922250,100372
922254,100370
922756,100273
924570,100144
924572,100281
925990,100062
926622,100029
926732,100398
926743,100292
926789,100195
926875,100000
926886,100099
926908,100401
926960,100203
927011,100457
927041,100350
927050,100335
927080,100455
927101,100173
927114,100349
927119,100219
927120,100333
927124,100294
927135,100314
927145,100328
927147,100199
927156,100114
927171,100112
927189,100286
927221,100030
927222,100003
927228,100177
927255,100433
927324,100254
927357,100195
927363,100435
927367,100178
927368,100404
927506,100088
927605,100251
927617,100135
927618,100046
927666,100209
927735,100453
927832,100352
927835,100446
927879,100211
928037,100244
928196,100002
928245,100408
928270,100397
928778,100027
928793,100207
930746,100385
930853,100166
932650,100280
933316,100371
933484,100414
933507,100076
933513,100453
934154,100104
934349,100457
934447,100269
934573,100406
934642,100238
934968,100079
935180,100170
935543,100416
935632,100286
935677,100460
935863,100152
936002,100458
936032,100417
936097,100397
936331,100214
936503,100205
936600,100086
936859,100112
936924,100306
939176,100322
939611,100368
939666,100006
939856,100414
940299,100082
940308,100091
940355,100235
940590,100421
940595,100029
940597,100180
940909,100297
941060,100081
941294,100096
941334,100104
941336,100004
941340,100278
941474,100004
941836,100446
941850,100255
942240,100356
942242,100432
942330,100120
942332,100272
942396,100326
942426,100251
942576,100159
942626,100443
942636,100389
942665,100331
942777,100452
942779,100429
942852,100227
942854,100327
942899,100193
942907,100016
943280,100067
943435,100267
943451,100141
943546,100222
943590,100371
943592,100270
944233,100191
944492,100416
944542,100307
944559,100422
944565,100403
944650,100279
945996,100044
946574,100338
946916,100158
951175,100103
951298,100165
951316,100222
952816,100343
956875,100457
959153,100148
962094,100044
962095,100002
964068,100008
964076,100284
964081,100406
964082,100207
964085,100051
964098,100229
964123,100226
964136,100044
964477,100224
964525,100443
964607,100407
964693,100196
964714,100066
964767,100098
964916,100133
964947,100270
965118,100424
965220,100013
965221,100230
965264,100455
965266,100340
965269,100351
965382,100343
965646,100333
966053,100041
966057,100144
966058,100215
966293,100201
966615,100418
966665,100439
966671,100429
966931,100144
967275,100029
967285,100337
967286,100263
967487,100050
967599,100331
967757,100339
969618,100253
969711,100270
969712,100172
972656,100268
972668,100058
973435,100041
973624,100243
973721,100361
974720,100247
975876,100241
976047,100247
976892,100386
977121,100033
977136,100119
977232,100081
977256,100356
977330,100190
977358,100351
977367,100067
977558,100387
978036,100044
979816,100057
980023,100230
980034,100215
980513,100129
981176,100307
981177,100044
982601,100102
982756,100138
983353,100347
983359,100332
983927,100061
984162,100358
984399,100186
985551,100263
985552,100038
985806,100411
985843,100126
985897,100271
986623,100310
986725,100207
986726,100133
986730,100096
986732,100410
986738,100451
986743,100151
986830,100198
986839,100038
986851,100178
986938,100358
986953,100256
987088,100259
987157,100032
987159,100222
987160,100371
987161,100087
987162,100097
987163,100241
987256,100002
987385,100189
987401,100327
987407,100298
987513,100170
987514,100105
987641,100219
987642,100015
987643,100404
987644,100416
987645,100341
987646,100035
987647,100012
987648,100335
987649,100432
987807,100145
987860,100240
987873,100074
988063,100059
988070,100347
988153,100436
988155,100418
988156,100160
988157,100429
988158,100034
988406,100376
988582,100222
988662,100326
988707,100087
988729,100069
988804,100336
988805,100178
988827,100111
988849,100292
988924,100373
989157,100018
989172,100122
989178,100227
989200,100204
989215,100323
989287,100180
989288,100390
989289,100298
989290,100171
989291,100451
989292,100005
989457,100051
989458,100294
989482,100110
989488,100416
989624,100406
989640,100415
989644,100034
989699,100354
989832,100164
989834,100105
989966,100287
990244,100103
990434,100348
990508,100371
990621,100135
991176,100296
993121,100181
993395,100389
994200,100062
994406,100244
994698,100261
994768,100274
994775,100177
994778,100076
994781,100388
994784,100158
994807,100200
994848,100401
994849,100152
994850,100227
994872,100019
994875,100297
994950,100308
994965,100435
994966,100180
994967,100374
994972,100288
994992,100007
995003,100372
995210,100149
995221,100452
995530,100182
995532,100364
995545,100105
995607,100312
995760,100010
997082,100356
997083,100024
997084,100092
998546,100098
100000,100278
100001,100474
100002,100497
100003,100488
100004,100498
100005,100468
100006,100480
100007,100479
100008,100466
100009,100494
100010,100491
100011,100484
100012,100490
100013,100463
100014,100493
100015,100490
100016,100480
100017,100474
100018,100499
100019,100465
100020,100494
100021,100484
100022,100488
100023,100471
100024,100496
100025,100494
100026,100473
100027,100494
100028,100484
100029,100465
100030,100469
100031,100491
100032,100499
100033,100496
100034,100466
100035,100470
100036,100470
100037,100465
100038,100478
100039,100495
100040,100497
100041,100477
100042,100479
100043,100489
100044,100469
100045,100498
100046,100492
100047,100482
100048,100497
100049,100492
100050,100471
100051,100470
100052,100480
100053,100500
100054,100466
100055,100484
100056,100493
100057,100464
100058,100469
100059,100490
100060,100500
100061,100489
100062,100471
100063,100480
100064,100465
100065,100479
100066,100481
100067,100480
100068,100493
100069,100500
100070,100489
100071,100466
100072,100500
100073,100490
100074,100483
100075,100477
100076,100483
100077,100499
100078,100495
100079,100461
100080,100490
100081,100488
100082,100488
100083,100488
100084,100480
100085,100478
100086,100470
100087,100500
100088,100468
100089,100462
100090,100487
100091,100467
100092,100492
100093,100474
100094,100481
100095,100479
100096,100476
100097,100480
100098,100497
100099,100472
100100,100468
100101,100465
100102,100496
100103,100484
100104,100465
100105,100479
100106,100463
100107,100495
100108,100495
100109,100480
100110,100489
100111,100470
100112,100493
100113,100490
100114,100488
100115,100498
100116,100494
100117,100477
100118,100496
100119,100465
100120,100479
100121,100473
100122,100494
100123,100465
100124,100481
100125,100488
100126,100497
100127,100473
100128,100495
100129,100486
100130,100474
100131,100495
100132,100498
100133,100478
100134,100461
100135,100482
100136,100490
100137,100462
100138,100483
100139,100471
100140,100461
100141,100493
100142,100492
100143,100500
100144,100469
100145,100500
100146,100488
100147,100466
100148,100472
100149,100486
100150,100473
100151,100490
100152,100476
100153,100479
100154,100485
100155,100463
100156,100463
100157,100494
100158,100475
100159,100482
100160,100475
100161,100476
100162,100493
100163,100479
100164,100468
100165,100495
100166,100487
100167,100479
100168,100469
100169,100494
100170,100465
100171,100496
100172,100470
100173,100473
100174,100479
100175,100463
100176,100472
100177,100484
100178,100465
100179,100464
100180,100494
100181,100500
100182,100478
100183,100500
100184,100491
100185,100490
100186,100477
100187,100497
100188,100484
100189,100466
100190,100480
100191,100478
100192,100492
100193,100480
100194,100484
100195,100496
100196,100464
100197,100485
100198,100479
100199,100489
100200,100465
100201,100461
100202,100488
100203,100469
100204,100470
100205,100489
100206,100474
100207,100491
100208,100481
100209,100481
100210,100478
100211,100499
100212,100499
100213,100479
100214,100494
100215,100487
100216,100462
100217,100482
100218,100462
100219,100470
100220,100487
100221,100487
100222,100490
100223,100484
100224,100469
100225,100466
100226,100492
100227,100496
100228,100462
100229,100487
100230,100498
100231,100498
100232,100480
100233,100482
100234,100498
100235,100498
100236,100464
100237,100488
100238,100479
100239,100475
100240,100484
100241,100478
100242,100483
100243,100490
100244,100485
100245,100485
100246,100497
100247,100476
100248,100494
100249,100463
100250,100499
100251,100484
100252,100473
100253,100461
100254,100480
100255,100468
100256,100490
100257,100473
100258,100485
100259,100479
100260,100472
100261,100492
100262,100470
100263,100486
100264,100476
100265,100497
100266,100466
100267,100471
100268,100463
100269,100477
100270,100488
100271,100468
100272,100494
100273,100475
100274,100491
100275,100492
100276,100470
100277,100494
100278,100472
100279,100497
100280,100485
100281,100475
100282,100474
100283,100476
100284,100470
100285,100475
100286,100500
100287,100465
100288,100496
100289,100492
100290,100482
100291,100470
100292,100469
100293,100497
100294,100468
100295,100469
100296,100466
100297,100467
100298,100499
100299,100499
100300,100480
100301,100461
100302,100469
100303,100499
100304,100485
100305,100497
100306,100480
100307,100497
100308,100477
100309,100470
100310,100476
100311,100477
100312,100463
100313,100491
100314,100498
100315,100465
100316,100470
100317,100469
100318,100495
100319,100487
100320,100494
100321,100498
100322,100468
100323,100493
100324,100490
100325,100483
100326,100479
100327,100473
100328,100500
100329,100477
100330,100479
100331,100483
100332,100481
100333,100480
100334,100476
100335,100470
100336,100497
100337,100482
100338,100471
100339,100465
100340,100484
100341,100486
100342,100476
100343,100486
100344,100476
100345,100464
100346,100490
100347,100479
100348,100495
100349,100498
100350,100478
100351,100500
100352,100470
100353,100463
100354,100466
100355,100473
100356,100479
100357,100473
100358,100461
100359,100483
100360,100477
100361,100470
100362,100498
100363,100464
100364,100482
100365,100499
100366,100482
100367,100490
100368,100476
100369,100462
100370,100478
100371,100495
100372,100490
100373,100468
100374,100465
100375,100494
100376,100471
100377,100467
100378,100475
100379,100464
100380,100491
100381,100485
100382,100477
100383,100471
100384,100470
100385,100471
100386,100478
100387,100480
100388,100491
100389,100489
100390,100489
100391,100462
100392,100497
100393,100490
100394,100495
100395,100498
100396,100474
100397,100488
100398,100494
100399,100496
100400,100481
100401,100475
100402,100482
100403,100485
100404,100463
100405,100480
100406,100470
100407,100490
100408,100474
100409,100496
100410,100487
100411,100485
100412,100500
100413,100491
100414,100486
100415,100473
100416,100469
100417,100467
100418,100489
100419,100480
100420,100494
100421,100471
100422,100463
100423,100487
100424,100466
100425,100491
100426,100468
100427,100485
100428,100488
100429,100461
100430,100464
100431,100465
100432,100500
100433,100496
100434,100474
100435,100467
100436,100500
100437,100485
100438,100482
100439,100496
100440,100477
100441,100485
100442,100479
100443,100461
100444,100476
100445,100473
100446,100492
100447,100463
100448,100488
100449,100466
100450,100487
100451,100465
100452,100490
100453,100497
100454,100496
100455,100481
100456,100493
100457,100489
100458,100461
100459,100479
100460,100489
100461,100501
100462,100504
100463,100501
100464,100504
100465,100503
100466,100502
100467,100504
100468,100504
100469,100504
100470,100501
100471,100503
100472,100501
100473,100503
100474,100504
100475,100503
100476,100503
100477,100505
100478,100505
100479,100505
100480,100503
100481,100502
100482,100503
100483,100503
100484,100504
100485,100502
100486,100501
100487,100501
100488,100501
100489,100501
100490,100501
100491,100504
100492,100503
100493,100504
100494,100501
100495,100503
100496,100505
100497,100504
100498,100504
100499,100502
100500,100502